20573.55
7833.55
5547.7
4584.35
4455.45
3976.05
3873.6
3813.85
3715.05
3629.55
3531.6
3425.05
3432.9
3304.1
3228.3
3120.8
3067.9
3037.8
2924.7
2855.4
2827.1
2776.95
2717.6
2730.3
2675.6
2662.9
2606.6
2579
2594.4
2553.15
2516.15
2469.35
2475.85
2449.8
2421.45
2435.2
2381.95
2417
2333.5
2390.95
2343
2355.45
2331
2296.4
2277.5
2255.85
2205.75
2232.8
2223.85
2200.35
2187.6
2187.35
2218.95
2144.7
2158.8
2113.5
2123.65
2113.7
2059.25
2036.9
2052.6
2068.05
2070.6
2088.5
2080.95
2080.5
2098.75
2056.5
2022.4
2031.25
1980.7
1940.3
1968.3
1970.95
1934.85
1929.85
1946.3
1935.45
1941.3
1881.4
1893.65
1859.8
1842.7
1808
1797.45
1806.85
1813.85
1796.55
1826.1
1826.45
1805.1
1852.2
1842.15
1809.9
1812.65
1822
1798.45
1802.05
1816.75
1795.8
1801.6
1797.6
1841.75
1779.55
1779
1768.7
1719.35
1755.65
1728.75
1774.95
1750.25
1736.2
1721.85
1745.7
1733.8
1725.35
1728.35
1687
1703.25
1736.75
1746.15
1731.25
1687.9
1698
1713.95
1687.6
1673.45
1706.05
1687.85
1703.15
1705.55
1706.45
1724.5
1708.85
1703.25
1668.8
1651.15
1635.65
1661.3
1644.15
1675.25
1643.75
1633
1640.65
1665.7
1671.8
1700.2
1650.5
1686.85
1691.35
1705.75
1765.05
1765.65
1840.15
1870.95
1862.35
1918.9
1932.9
1982.95
1962.9
1992.25
1974.8
2039.4
2025.35
2043.35
2089.75
2083.05
2060.75
2045.9
2007.4
2038
2033.95
2072.85
2042.45
2041.55
2009.65
1974.05
2022.3
1992.8
1995.25
1982.65
1964.85
1921.8
1933.1
1935.9
1927.7
1900.65
1896.85
1883.8
1897.4
1914.8
1909.85
1911.05
1910.05
1854.55
1856.55
1849.6
1831.25
1838.25
1881.95
1813.6
1863.65
1813.2
1857.1
1788.3
1828.9
1806.5
1805.85
1778.6
1791.4
1772.45
1729.55
1754.8
1775.6
1743.25
1739.7
1714
1772.6
1700.25
1735.4
1716.35
1715.7
1705.55
1744.65
1697.55
1705.85
1707.3
1687.95
1673.3
1677.8
1673.6
1660.45
1639.6
1604.45
1638.45
1636.7
1626.25
1610.3
1630
1626.1
1652.3
1605.5
1584.7
1615.55
1617.75
1591.75
1618.15
1635.65
1616.95
1610.1
1619.3
1601.8
1567
1553.3
1602.3
1548.85
1519.15
1554.1
1542.7
1521.7
1568.45
1566.75
1594.05
1546.75
1575.05
1555
1523.5
1546.1
1570.4
1539.55
1566.3
1505
1549.25
1553.2
1544.2
1534.2
1557.8
1549.45
1562.4
1546.45
1557.3
1514.1
1513.6
1539.95
1560
1519.8
1480.15
1527
1508.15
1506.55
1500.25
1515.55
1517.65
1527.9
1528.95
1530.1
1518.2
1510
1501.9
1493.55
1491.15
1512.5
1545.7
1520.3
1529
1497.8
1553.55
1523.85
1547.65
1532.15
1512
1506.95
1501.15
1498.2
1518.2
1549.6
1536.6
1546.35
1549.45
1548.8
1530.75
1549.4
1568.35
1540
1530.7
1555
1560
1530.45
1497.15
1573.15
1576.55
1568.95
1537.8
1542.75
1573.05
1606.1
1596.4
1615.8
1585.05
1615.1
1604.65
1566.3
1601.8
1583.7
1592.9
1597.45
1592.3
1567.4
1602.1
1620.5
1607
1595.05
1625.8
1629
1579.85
1626.05
1582.7
1625.3
1592.65
1615.6
1597.2
1593.7
1577.95
1633.65
1594.05
1629.2
1605.75
1589.3
1574.75
1587.35
1572.35
1603.3
1543.95
1613.1
1615.9
1578.2
1576.55
1564.8
1564.65
1547.95
1562
1573.75
1580.55
1557.15
1548.45
1515.65
1573.7
1558.75
1560.75
1522.65
1515.25
1549.1
1554.45
1514.25
1511.25
1525.5
1510.15
1515.05
1491.7
1481.4
1512.35
1473.95
1490.65
1485.65
1486
1483.8
1468.7
1487.7
1494.7
1497.4
1463.4
1436.5
1484.55
1455.5
1482.3
1461.9
1471.35
1451.35
1454.7
1467.85
1417.25
1416.75
1390.4
1418.15
1411
1429
1418.6
1410.6
1400.45
1387.45
1413.55
1433.2
1413.5
1423.5
1390
1400.65
1408.25
1422.15
1399.25
1396.35
1419.7
1386.7
1391.1
1389.35
1407.25
1424.55
1402.25
1396.35
1381.35
1371.2
1406.35
1378.15
1345.55
1401
1366.9
1385.05
1401.2
1394.85
1380.4
1378.2
1407.85
1369.25
1337.8
1344.55
1347.4
1352.7
1358.9
1370.7
1346.8
1354.55
1373.75
1367.25
1407.45
1360.4
1344.35
1343.8
1360.35
1364.5
1356.05
1372.25
1367.6
1354.55
1358.4
1326.65
1348.4
1374.65
1368.3
1392.45
1370.45
1366.5
1378.55
1364.3
1362.4
1350.15
1377.35
1386.3
1359.95
1379.9
1342.75
1385.9
1367.65
1356.05
1368.95
1397.9
1404.35
1392.95
1410.3
1404.15
1375.2
1383.55
1395.55
1376.5
1377
1394.25
1371.4
1370.95
1393.8
1395.1
1385.8
1386.05
1398
1384.15
1377.95
1375.1
1365.6
1379.15
1382.95
1345
1393.7
1373.75
1392.95
1388
1390.15
1403.75
1395.15
1384.35
1368.4
1390.5
1372.1
1366.55
1393
1383.55
1389.75
1373.8
1408.35
1357
1359.9
1373.95
1378.5
1369.15
1365.95
1386.2
1365.45
1345.25
1385.2
1376.4
1394.2
1371.4
1345.35
1358
1355.8
1348.85
1364.2
1330.2
1331.35
1343.45
1343.7
1360.05
1338.65
1339.15
1319.65
1320.15
1354.5
1320.85
1317.95
1300.45
1345.2
1316.95
1325.75
1309
1302.85
1329.4
1322.85
1304.9
1291.85
1324.15
1296.45
1303.95
1282.65
1270.8
1281.5
1290.6
1288.8
1296.45
1294
1281.95
1269.75
1300.2
1271.6
1277.5
1274.8
1250.65
1269.45
1269.45
1262.4
1268.65
1286.85
1224.2
1255.3
1282.25
1247.05
1287.95
1258.1
1256.7
1265.8
1246.85
1240.65
1235.05
1236.25
1255.15
1277.5
1265.95
1263.05
1247.45
1229.45
1249.5
1199.2
1229.3
1224.75
1237.05
1238.65
1188.05
1223.85
1210.2
1219.8
1203.75
1243.45
1233
1215.75
1245.3
1207.5
1221.4
1232.95
1213.4
1225.25
1229.2
1239.05
1234.6
1239.1
1213.75
1230.45
1213.05
1225.9
1231.7
1205.9
1218.35
1190.65
1204.65
1217.85
1183.15
1194.8
1226.3
1209.5
1224.1
1204.35
1215.1
1194.1
1195.75
1242.25
1207.05
1223.65
1206.55
1221.7
1221.5
1196.5
1173.1
1215.4
1240
1209
1230.3
1241.45
1206.35
1187.5
1223.3
1218.5
1196.25
1181.75
1225.55
1194.8
1213.1
1194.15
1226.4
1208.9
1195.65
1195.4
1186.25
1195.35
1199.75
1184.4
1198.65
1182.7
1197.1
1200.3
1193.15
1217.45
1199.7
1181.5
1175.05
1161.2
1209.85
1166.75
1187.85
1203.6
1191.7
1215.85
1200.95
1212.4
1188.6
1228.6
1219.15
1196.65
1195.05
1184.65
1195.2
1187.7
1207.25
1198.35
1191.35
1163.6
1200.15
1176.1
1169.05
1206.95
1204.95
1154.2
1200.35
1179.65
1165.4
1198
1181.5
1170.6
1201.85
1190.8
1189.65
1165.7
1182.9
1170.6
1169.85
1194.6
1171.55
1213.25
1147.15
1171
1175.4
1180.75
1177.5
1191.95
1156.15
1134
1148.85
1159.45
1156.05
1170.35
1162
1164.9
1178.1
1138.05
1128.8
1127.7
1135.85
1122.1
1118.15
1123.65
1129.45
1111.1
1151.4
1151.65
1132.05
1138.65
1157.05
1101.7
1137.55
1112.6
1111.75
1104.25
1132.2
1121.65
1097.7
1134.5
1090.85
1147.75
1109.15
1105.75
1123.25
1134.05
1090.75
1100.25
1087.3
1125
1109.25
1132.9
1084.8
1084.75
1092.95
1065.25
1106.35
1088.5
1069.8
1113.1
1082.95
1098.6
1088.95
1097.2
1089.05
1055.5
1058.85
1088.35
1090
1081.95
1066.55
1071.8
1094.35
1078.35
1078
1109.4
1083.7
1095.9
1066.25
1098.1
1067.6
1067
1094.35
1078.95
1044.75
1068.3
1077.35
1074.25
1053
1082.85
1074.5
1084.15
1079.05
1040.85
1034.85
1047.55
1064.55
1069.9
1061.6
1077.55
1048
1051.8
1071.85
1046.5
1047.55
1075.4
1041.85
1057.95
1053.55
1068.15
1054.2
1071.65
1031.4
1038.7
1028.4
1036
1051.6
1045.9
1059.45
1058.95
1035.65
1036.95
1053.55
1046.05
1034.3
1038.35
1034.95
1049.15
1049.2
1038.6
1012.35
1021.3
1032.6
1049.1
1024.9
1048
1034
1039
1047.4
1044
1054.7
1075.55
1049.75
1061.8
1062.35
1067.85
1034.7
1017.35
1024.1
1044.1
1040.15
1052.45
1021.05
1016.05
1033.8
1055.1
1015.5
1041.35
1016.65
1035.8
1029.55
1000.6
995.3
1019.2
1020.4
1025.1
1040.95
1015.85
1002.9
1018.35
988.75
980.2
1006.75
998.15
998.4
1005.05
1034.3
1012.7
1036.55
1035.75
973.55
1038.45
1014.5
998.4
971.65
1015.25
971.8
993.75
993.8
989.05
1000.45
1024.4
977.05
985.35
965.35
1006.05
987.35
996.3
1010
1003.15
1002.45
986.6
977.5
1002.25
979.9
960.1
999.85
974.35
977.6
965.5
970.85
984.2
990.2
979.85
978.5
975.15
972.7
1004.85
950.8
977.6
979.05
966.3
970.45
960.9
966.4
960.1
985.2
966.85
937.95
972
946.3
968.05
954.85
917.75
933.9
957.7
951.2
954.1
936.35
940.45
944.05
936.9
926.1
960.9
930.75
955.55
947.2
951.05
935.8
935.7
934.5
961.25
