21131.8
8018.65
5773.7
4774.65
4672.2
4211.95
4059.15
3960.45
3903.05
3712.3
3711.15
3462.1
3437.15
3373.5
3280.9
3184.55
3176.4
3086.6
3059.15
2954.55
2920
2902.35
2816.45
2761.25
2787.35
2697.35
2686.1
2618.35
2603.7
2619.2
2562.15
2518.2
2526.65
2454.45
2464.7
2437
2434.85
2455.85
2398
2370.25
2309.35
2309.3
2313.15
2264.3
2316.4
2221.2
2234.6
2223.7
2156.65
2204.95
2156.5
2165.8
2148.25
2110.6
2102.4
2061.55
2018.75
2058.3
2035.6
1993.9
2006.55
1995.55
2001.8
1987.05
1998.75
1994
1948.35
1919.2
1933.45
1916.9
1880.75
1870.6
1878.1
1855.85
1871.65
1847.75
1812.95
1826.55
1793.2
1801.9
1797.85
1765.2
1728.15
1714.6
1693.5
1679.95
1722.85
1727.2
1724.2
1718.45
1704.15
1735.55
1730.25
1746.15
1736.8
1730.6
1727.2
1712.25
1725.9
1692.05
1694.9
1737.3
1708.25
1690.95
1679.95
1697.25
1699.1
1693.85
1671.9
1685.35
1684.95
1663.05
1654.5
1627.9
1651.1
1606.25
1668.35
1648.9
1661.75
1624.1
1633.75
1649.05
1675.35
1670.45
1642.6
1636.2
1652.2
1628.4
1640.65
1626.95
1683.35
1637.7
1685.9
1665.7
1675.15
1630.9
1659.55
1621.3
1608.1
1639.9
1645.7
1667.35
1672.35
1668.4
1666.1
1700.35
1702.8
1718.15
1701.2
1717.3
1760.5
1795.6
1834.9
1850.65
1947.65
1969.55
1981.7
2014.65
2057.15
2101.05
2067.1
2112.75
2060.8
2122.15
2111
2105.1
2137.05
2173.7
2142.35
2139.65
2084.3
2069.5
2103.4
2082.75
2094.35
2058
2012.4
2013.45
2015.75
2005.85
2026.5
2009.4
2013.75
1996.75
2030.75
1953.55
1917.3
1945.4
1935.4
1929.2
1923.55
1911.6
1915.2
1914.7
1934.7
1893.4
1915.45
1893.75
1890.95
1872.65
1838.9
1814.2
1816.45
1795.5
1784.45
1763.9
1745.6
1814.35
1761.9
1760.15
1771.85
1764.2
1784.5
1768.4
1735.3
1707.4
1736.85
1701.35
1689.9
1673.3
1654.65
1686.75
1630.8
1627.45
1667.8
1643.75
1621.8
1598.25
1631.8
1599.2
1637.3
1598.65
1620.05
1601.7
1562.25
1564.2
1557.15
1565.55
1572.1
1523.55
1510.75
1517.2
1527.5
1532.35
1527.55
1511.4
1530.45
1559.45
1527.2
1497.55
1475.7
1465.3
1499.75
1503.3
1513.1
1465.2
1497.3
1463.8
1469.2
1466.7
1471.45
1463.3
1455.2
1470.25
1472.35
1419.6
1440.3
1491.15
1440.3
1434.8
1461.3
1448.05
1434.15
1446.9
1447.75
1399.15
1445.05
1463.5
1392.35
1433.25
1454.55
1440
1441.15
1454.25
1458.35
1417.15
1438.15
1429.35
1464.05
1457.35
1445.75
1452.3
1426.85
1465.35
1458.7
1467.45
1441.7
1481.45
1453.5
1469.15
1468.05
1443.05
1447.6
1453.85
1472.6
1469.45
1471.2
1482.65
1475.2
1504.1
1516.2
1518.5
1528.5
1543.65
1504.65
1506.3
1537.35
1545.1
1519.05
1531.95
1500.5
1528.25
1518.6
1549.2
1562.3
1556.75
1581.9
1571.9
1542.95
1527.85
1531.45
1545.9
1605.05
1599.15
1585.15
1562.75
1598.85
1581.75
1598
1615.9
1554.75
1572
1582.15
1586.5
1636.15
1618.65
1601.75
1644.4
1601.5
1583.95
1592.4
1610.3
1627.65
1608.95
1630.75
1629.9
1629.05
1613.75
1649.75
1628.6
1612.7
1628.5
1626.15
1623.15
1590.6
1598.95
1616.1
1637.55
1607.15
1609.45
1589.55
1580.75
1582.55
1616.45
1601.3
1600.35
1564.85
1585.8
1568.2
1587.05
1570.65
1527.45
1521.3
1562.9
1536.8
1560.2
1495.2
1537.9
1539.75
1529.7
1503.7
1527.95
1499.45
1505.65
1513.1
1511.95
1485.35
1487.45
1492.3
1492.65
1481.15
1478.15
1448.15
1435.25
1443.65
1452.6
1433.55
1408.2
1432.5
1443.2
1414.1
1398
1387.6
1413.25
1416.4
1397.45
1388.85
1387.85
1378.05
1383.5
1364.75
1381.6
1365.35
1351.1
1364.45
1332.6
1361.3
1384.6
1323.65
1334.25
1375.05
1350.7
1347.95
1352.25
1302.55
1324.5
1322.8
1346.8
1329.6
1338.3
1341.3
1317.3
1330.8
1339.95
1301.7
1336.9
1312.35
1304.5
1321.15
1316.4
1302.95
1309.2
1283.6
1289.3
1294.6
1327.95
1315.4
1314.15
1321.7
1287.75
1277.6
1302.8
1311.1
1302.8
1318.05
1290.95
1293.65
1279.1
1312.6
1304.95
1323.05
1307.05
1287.65
1289.45
1329.2
1270.35
1289.7
1332.25
1298.75
1343
1318.05
1324.55
1300.9
1313.55
1313.6
1334.7
1305.9
1309.65
1321.55
1340.3
1329.7
1363.5
1333
1335.2
1347.9
1378.55
1356.6
1332.5
1361.65
1304.7
1338.25
1370.45
1330.1
1365.6
1357.45
1379.9
1353.35
1360.6
1363.1
1380.9
1348.9
1393.6
1390.6
1378.05
1373.6
1372.75
1367.2
1405.45
1402.95
1399.2
1407.55
1388.25
1391.25
1410.8
1379.45
1380.05
1397.6
1374.4
1385.8
1420.25
1395.15
1392.15
1425.85
1420.55
1389.4
1391.1
1432.45
1396
1396
1380.85
1400.7
1411.7
1451.95
1424.2
1411.15
1403.65
1393.5
1384.9
1347.25
1352.7
1415.2
1389.05
1346.75
1363.95
1408.65
1367.6
1359.3
1394.6
1387.15
1356.4
1374.95
1343.2
1379.55
1351.6
1356.9
1340.6
1313.9
1352.85
1350.75
1346.7
1359.15
1334.05
1316.55
1347.6
1343.6
1312.05
1320.2
1305.9
1313.1
1314.8
1287.1
1288.55
1317.15
1304.9
1280.45
1312.6
1279.65
1308.25
1273.85
1286.2
1277.05
1288.95
1271.3
1281.85
1258.1
1263.55
1239
1249.2
1271.8
1262.95
1272.35
1249.15
1259.75
1208.25
1204.05
1225.15
1197.05
1234.6
1211.1
1233.6
1245.8
1198.1
1221.65
1237.05
1228.05
1204.5
1190.6
1212.85
1216.25
1222.35
1210
1208.15
1209.1
1213.65
1187.7
1161.95
1175.2
1162.75
1210.7
1185.55
1157.65
1199.6
1202.1
1184.05
1195.9
1190.65
1214.4
1148.4
1180.45
1181.15
1164.85
1184.45
1181.8
1174.65
1203.7
1182.7
1210.2
1200.95
1195
1168.8
1189.55
1153.85
1196.5
1210.9
1183.2
1188.35
1190.45
1183.35
1198.65
1191.8
1174.15
1173.95
1198.8
1196.85
1199.4
1217.35
1200.95
1189.7
1208.85
1201.15
1219.2
1206.95
1198.2
1212.95
1181.55
1172.95
1218.45
1211.05
1224.9
1213.85
1179
1199.2
1226.4
1190.7
1186.95
1217.75
1241.25
1215.3
1191.15
1211.25
1211.5
1222.3
1204.95
1229.5
1235.05
1213.45
1211.8
1207.75
1232.2
1204.75
1210.35
1214.65
1213.65
1216.85
1236.1
1193.6
1194.35
1178.4
1203.2
1204.25
1214.6
1234.4
1217.05
1187.05
1213.35
1192.5
1193.9
1213.45
1206.45
1186.65
1161.15
1199.3
1186
1214.85
1217.9
1194.5
1171.25
1219
1191.8
1190
1193.85
1220.5
1196.65
1180.15
1173.8
1202.75
1189.15
1195.7
1193.65
1182.25
1187.55
1150.15
1165
1170.25
1190.9
1186.75
1181.6
1150.3
1179.55
1136.4
1133.05
1160.25
1164.4
1144.4
1138.2
1147.85
1143.05
1158.15
1167.05
1124.6
1138.8
1150.35
1155
1162.95
1157.55
1134.65
1149.7
1133.2
1152.45
1107.7
1133.65
1139.75
1137.5
1119.05
1129.15
1136.5
1097.45
1144.1
1120.3
1097.45
1120.45
1103.25
1102.1
1123.3
1104.95
1105.55
1090.05
1058.15
1078.05
1096.25
1092.75
1098.25
1099.7
1093.9
1098.1
1076.7
1105.95
1083.25
1107.6
1060.75
1075.7
1073
1064.05
1069.75
1088.45
1085.9
1072.5
1084.55
1043.6
1053.55
1069.4
1069.2
1076
1043.6
1039.9
1052.8
1045.2
1040.25
1074.05
1041.1
1065.55
1057.75
1037.3
1031.45
1035.2
1029.35
1015.85
1050.35
1043.2
1023.95
1044.9
1032.9
1063.8
1038.65
1061.85
1048.75
1048.55
1043.95
1067.75
1051.5
1046.6
1034
1007.5
1028.25
1043
1059.55
1036.25
1020.9
1052.45
1037.9
1040.05
1041.8
1034.9
1041.3
1082.55
1026.5
1050.95
1071.35
1051.95
1058.35
1042.25
1039.3
1027.25
1034.05
1039.45
1059.7
1053.45
1047.35
1053.45
1044.55
1069.45
1060.25
1052.8
1045.2
1050.85
1035.6
1004.05
1053.5
1054.55
1022.7
1029.95
1065.1
1034.25
1060.1
1056.75
1066.25
1029.45
1030.3
1021.45
1038.35
1050.65
1025.75
1054.1
1026.9
1041.65
1045.2
1034.05
1025.6
1048.45
1039.35
1052.05
1046.5
1043.45
1041.75
1035.3
1048.2
1043.55
1039.65
1055.1
1038.65
1032.7
1048
1057.5
1018.85
1018.55
1016.9
1028.5
1012.05
1028.1
1021.95
1024.15
996.4
1002.4
1014.95
1014
1032.25
1023.4
1027.5
1021.55
1039.55
1025.95
1003.2
1006
978.25
993.65
1001.95
1013.65
1005.35
999.1
1032.5
1015.65
980.2
975.55
976.7
996.45
987.45
988.4
988.9
960.65
960.7
978.85
1007
1001.5
960.2
956.55
968.55
955.4
962.55
1004.3
962.95
932.65
946.15
1006
947.25
966.65
963.55
956.5
965.15
949.45
946.3
959.45
917.4
986.9
937.15
939.8
920.25
943.5
922.35
945.4
939.15
910.55
932.55
951.15
941.7
915.25
951.15
931.15
931.7
943.15
941.65
921.05
917.45
950.15
912.2
919.5
912.55
916.65
928.9
915.5
926.1
927.3
