19921.65
7650.65
5441.1
4536.35
4350.95
3892.3
3773.1
3750.65
3733.5
3522
3464.55
3341.55
3260.45
3166.55
3140.15
2990.75
2940.6
2862.05
2822.15
2835.7
2773.7
2710.6
2640.95
2625.55
2625.15
2539.3
2528.25
2554.4
2528.85
2552.05
2482.6
2414.1
2401.4
2417.65
2438.9
2354.8
2403.15
2416.45
2389.6
2368.85
2324.3
2297.6
2310.25
2263.85
2197.7
2255.45
2227.6
2237.4
2226.3
2210.15
2222
2242.45
2166.45
2192.4
2142.2
2131.1
2130.1
2131.85
2106.6
2086.5
2072.25
2072.95
2100.85
2137.6
2147.65
2082.25
2082.75
2098.4
2033.3
2025.85
2024.7
2037.65
1992.6
2001.9
2015.4
1974.45
1957.95
1957.25
1995.8
1922.8
1887.2
1889.55
1894.8
1850
1843.7
1843.65
1913.2
1914.55
1849.4
1831.8
1868.85
1881.9
1907.45
1886.35
1858.05
1845.15
1850.3
1835.5
1842.95
1842.65
1869.55
1845
1889.3
1825.9
1847.1
1793.3
1787.15
1814.05
1809.5
1817.45
1792.95
1789.55
1826.75
1795.25
1782.85
1814.6
1759.15
1731.75
1778.8
1805.75
1779.3
1747.95
1768.25
1762.05
1714.55
1755.9
1746.75
1719.55
1723.7
1730.25
1712.15
1686.55
1723.75
1708.4
1699.5
1676.95
1689.7
1680.2
1676.35
1651.75
1650.85
1688.05
1666.1
1707.5
1664.2
1663.4
1672.55
1675.75
1680.8
1704
1708.9
1756.7
1759
1794.3
1846.05
1878.55
1929.4
1943.1
1937.85
1938.4
1947.55
1994.9
1998.95
2032.35
2002.3
1980.85
2057.1
2039.8
2029.4
2040.45
2021.45
2029.65
1983.7
2026
1959.4
1998.55
1962.2
1926.3
1943.55
1928.35
1910.65
1916.25
1894.9
1892.95
1847.55
1840.1
1864.55
1809.45
1881.25
1864.8
1852.3
1843.15
1846.1
1811.65
1789.75
1804.5
1774.35
1810.95
1785.6
1829.05
1781.8
1767.15
1790.05
1793.9
1785.55
1808.1
1746
1788.5
1762.85
1776.6
1755.75
1734.15
1728.55
1705.6
1723.55
1727.5
1717.5
1704.1
1676.65
1702.6
1733.75
1703.3
1705.65
1693.3
1690.75
1679.9
1694.5
1665.5
1674.85
1698.75
1673.65
1677.55
1673.85
1680.7
1663.45
1646.8
1635.95
1626.85
1650.2
1618.1
1627.8
1609.1
1637.1
1624.15
1589.75
1592.55
1609.7
1626.95
1605.25
1599.5
1636.5
1596.05
1608.55
1575.05
1622.2
1632.1
1596.65
1600.05
1595.65
1610.8
1567.85
1614.4
1609.6
1579.5
1587.95
1585.4
1571.15
1569.3
1581.05
1562.95
1591.9
1601.55
1583.35
1553.25
1553.45
1582.25
1564.25
1548.1
1567.3
1575.75
1564.55
1544.6
1576.25
1589.9
1547.45
1524.65
1547.25
1554.2
1569.95
1564.35
1570.6
1582
1555.85
1548.15
1556.65
1560.65
1553.65
1559.2
1546.4
1569.3
1581.85
1567.35
1564.4
1551.85
1524.1
1583.2
1621.75
1574.7
1543.65
1578.3
1573.15
1573
1601.4
1547.2
1571.45
1568.4
1565.3
1599
1561
1567.55
1581.65
1572.9
1594.35
1563.05
1565.85
1573.85
1608.4
1572.3
1564.35
1586.1
1563.8
1589.8
1596.1
1535.1
1559.25
1541.6
1549.3
1572.8
1560.1
1552.5
1574.45
1542.35
1576.05
1567.7
1559.65
1546.1
1588.1
1564.3
1601.35
1545.2
1558.2
1515.1
1597.25
1561.6
1536.4
1583.25
1569.5
1558.25
1575.55
1558.35
1570.2
1561.05
1595.3
1560.2
1596.6
1575.15
1583.9
1579
1600.85
1566.95
1562.9
1546.5
1544.9
1565.2
1574.8
1555.35
1570.7
1552.5
1581.25
1554.8
1576.45
1525.5
1507.8
1583.3
1520.75
1516.05
1543.35
1565.65
1533.55
1546.35
1546.75
1535.8
1563.1
1557.25
1552.6
1555.6
1530.35
1574.25
1515.5
1504.5
1500.15
1516.3
1510.55
1525.15
1518.05
1527.3
1508.35
1505.6
1473.2
1492.4
1507.5
1468.25
1461.8
1496.8
1494.7
1484.55
1490.85
1494.45
1453.65
1481.45
1449.45
1452.5
1478.75
1446.9
1523.05
1428.7
1436.55
1445.15
1440.9
1443.05
1401.65
1410.8
1393.55
1436.7
1411.15
1419.1
1405.95
1432.15
1442.05
1435.85
1450
1423.6
1433.1
1435.65
1409.35
1386.3
1398.75
1414.95
1375.4
1381.7
1404.2
1407.75
1378.65
1406
1410.65
1406.35
1375.75
1358.65
1386.7
1374.85
1380.35
1436.65
1424.35
1371.15
1384.05
1397.6
1401.85
1394.45
1400.55
1361.15
1397.3
1387.15
1355.65
1403.8
1367.55
1388.65
1396.25
1407.85
1352.9
1372.2
1369.2
1352.3
1383.45
1383.75
1368.6
1370.5
1367.55
1411.2
1423.15
1412.15
1386.4
1360.7
1391.8
1389.85
1410.85
1387.5
1406.7
1372.65
1381.65
1353.05
1382.65
1374.8
1376
1366.85
1396.35
1376.1
1383.95
1366.05
1362.15
1391.15
1386.85
1350.3
1394.15
1365.4
1379.3
1373.6
1410.45
1373.95
1367.05
1380
1350.45
1379.35
1361.05
1352.9
1365.8
1355
1357.3
1381.75
1397.4
1406.8
1378.45
1348.25
1375
1386.8
1348.8
1401.55
1375.05
1386.5
1392.6
1390.65
1379.8
1389.5
1366.6
1393.8
1371.65
1368.55
1375.6
1374.25
1372.45
1364.35
1388.95
1356.15
1357.95
1342.55
1379.75
1331.5
1349.9
1350.9
1378.55
1349.6
1366.55
1374.55
1344.2
1363.45
1362.15
1353.75
1364.6
1363.35
1343.4
1335.95
1385.95
1366.4
1388
1344.2
1367.8
1337.95
1352.45
1327.65
1311.85
1344.45
1344.95
1339.75
1374.35
1361.75
1350.15
1289.75
1313.1
1301.15
1322.85
1308.85
1308.75
1335.2
1338.6
1329.3
1309.95
1335.3
1313
1295.25
1321.75
1312.2
1309.95
1326.95
1290.3
1336.25
1289.85
1312.6
1309.75
1321.4
1285.1
1283.2
1275.95
1298.75
1306.25
1315.2
1288
1279.25
1267.1
1258.2
1282.3
1276.25
1321.95
1272.7
1247.35
1257.6
1245.75
1255.85
1264.8
1233.05
1274.45
1285.35
1255.5
1256.7
1243.2
1232.1
1214
1244.6
1233.6
1228.1
1239.6
1247.2
1260.4
1256.05
1260.8
1266.55
1235.25
1241.7
1237.1
1250.2
1273.85
1240.9
1211.85
1262
1246
1279.05
1211.1
1218.85
1225.55
1224.5
1240.15
1213.5
1218.1
1204.45
1200.95
1234.05
1203.55
1248.15
1212.05
1220.9
1230
1228.55
1211.9
1210
1204.9
1213.55
1221.9
1245.35
1210.05
1201.8
1232.6
1202.75
1211.85
1194.5
1238.4
1224.15
1195.9
1209.05
1202.2
1216.35
1220.4
1198.35
1214.85
1218.05
1188.45
1219.8
1197.15
1215.25
1203.75
1183.6
1199.05
1221.55
1202.65
1210
1208.2
1184.2
1178.5
1210.65
1174.95
1171.6
1173.25
1178.95
1185.2
1213.65
1181.7
1200.05
1177.75
1182.65
1188.6
1196.65
1176.3
1215.5
1192.15
1198.85
1198.05
1176.45
1178.55
1244.05
1204.15
1220.2
1196.7
1223.65
1204.3
1195.05
1202.35
1199.2
1214.95
1244.65
1202.9
1201.9
1185.85
1189.6
1175.55
1218.8
1168.05
1167.9
1223.4
1199.05
1184.65
1183.35
1185.25
1202.4
1200.7
1179.2
1186.85
1187.85
1157
1151
1142.1
1185.45
1164.9
1158.75
1151.8
1158.2
1192.85
1185.15
1168.1
1164.8
1196.05
1162.45
1170
1146.35
1159
1157.65
1156.8
1153.75
1156.45
1132.3
1149.05
1160.75
1165.95
1176.4
1136
1131.25
1106.6
1125.75
1146.55
1157.6
1129.8
1112.3
1122.2
1106.55
1151.8
1129.6
1130.3
1117.1
1128.8
1134.3
1139.1
1126.35
1116.9
1118.45
1111.5
1096.9
1118.8
1105.6
1106.15
1140.55
1120.95
1118.15
1099.95
1103.05
1084.15
1138.95
1113.5
1100.3
1099.4
1095.95
1084.85
1074.75
1091.45
1072.6
1078.55
1099.45
1092.4
1076.5
1086.65
1079.1
1093.05
1099.1
1080.85
1076.25
1107.9
1094.45
1041.55
1100.7
1095.7
1095.95
1053.6
1066.15
1050.45
1099.05
1073.85
1036.75
1084.6
1042.85
1033.75
1068.35
1064.55
1059.35
1044
1058.75
1033.8
1051.85
1065.2
1049.65
1052.2
1024.1
1041.35
1041.6
1056.8
1045.85
1037.15
1026.7
1040.25
1044.3
1031.15
1017.75
1044.3
1011.65
1036.7
1022.2
1043.35
1035.15
1046.95
1020.6
1040.35
1026.5
1032.85
1033.95
1031.25
1029.25
1018.5
1011.4
1050.05
1039.05
1022
1036.9
1003.95
1030.7
1013
1031.05
1032.55
1028.25
1028.65
1046.5
1019.65
1007.25
1003.95
1021.8
1007.55
1041.15
1033.6
1043.75
1026.45
1024.5
1018.35
1024.85
1016.65
1025
1022.55
1010.45
1015.85
1020.7
1009.1
1008.95
1027.35
1026.95
1013.45
1009.5
1015.4
1000.15
999.85
993.05
997.7
1006.45
1015.9
986
1006.35
995.3
1007.15
989.7
997.75
991.3
999.3
1027.5
974.4
998.5
1000.25
959.1
991.15
983.85
1000
1003.95
955.4
970.75
965.55
984.05
974.35
968.15
967.65
1005.35
992.7
1004.85
997.65
1022.05
1006.1
949.15
984.5
956.5
966.5
971.25
978
969.45
933.65
974.05
958.85
967.35
972.95
975.7
993.05
982.65
955.1
985.25
941.75
958.2
969.65
961.65
973.45
956.8
969.35
937.65
936.4
956.35
964.8
951.5
969.05
922.65
923.65
941.8
942.8
921.75
949.2
952
932.9
935.95
935.1
909.1
911.3
913.45
916.05
940.35
951.85
