21131.05
8157.65
5913.25
4803.95
4683.75
4172.5
4087.7
4050.6
3923.05
3798.9
3645.45
3576.5
3573.65
3447.6
3263.4
3313.3
3213.4
3116.5
3066.75
3010.75
2939.75
2824.35
2813.55
2770.95
2814.7
2764.05
2707.7
2667.75
2617.5
2639.5
2649.2
2547.45
2573.75
2521.7
2535
2467.45
2538.6
2504.55
2481.7
2425.05
2375.6
2412.2
2357.45
2359.8
2350.6
2292.7
2265.2
2267.65
2349.9
2288.1
2252.05
2238.4
2224.65
2189.85
2155.1
2100.4
2112.1
2104.45
2140.4
2086.05
2077.25
2079.95
2043.7
2069.05
2052.3
2092.65
2106.45
2053.7
2019.65
2039.7
1979.65
1976.2
1977.5
1934.55
1948
1920.95
1953.65
1919.55
1910.2
1908
1881.65
1847.55
1841.55
1819.55
1813.2
1793.05
1820.6
1837.05
1839
1823.95
1821.6
1810.1
1817.65
1815.6
1777.5
1839.15
1797.85
1829.15
1817.4
1781.45
1788.35
1794
1800.95
1780.1
1742.65
1761.25
1801.4
1781.3
1752.95
1757.1
1753.15
1741.55
1719.05
1718.3
1699.4
1724.25
1730.1
1710.85
1720.8
1749
1761.45
1768.9
1762.7
1736.15
1698.55
1724.75
1696
1708.25
1713.95
1701.55
1680.5
1686.75
1729.2
1736.85
1682.3
1694.9
1684.5
1695.95
1699.4
1639.05
1651.65
1658.65
1686.9
1670.05
1680.35
1686.55
1719.85
1742.95
1715.45
1754.25
1778.4
1799.65
1858.75
1885.25
1900.9
1968.7
1998.4
2068.75
2090.15
2071.65
2097.1
2110.6
2153.7
2154.2
2141.05
2170.4
2158.95
2132.75
2159.7
2135
2118.85
2118.2
2109.85
2111.85
2114.15
2094.9
2096.3
2048.9
2086.55
2022.75
2053.25
1967.4
2066.65
2025.95
2001.05
1987.15
1984.25
1914.1
1956.65
1974.05
1948.15
1927.45
1917.35
1923.95
1905.7
1929.4
1930.2
1883.95
1910.6
1897.2
1898.7
1867.2
1890.55
1846.45
1821.7
1851.8
1829.75
1784.45
1793.15
1791.2
1798.45
1793.1
1793.85
1764.1
1742.95
1770.25
1767.45
1764.1
1727.8
1740.15
1711.85
1704.7
1718.3
1729
1711
1686.7
1690.6
1667.45
1665.55
1684.2
1649.45
1657.4
1631.65
1637.85
1643.05
1622.5
1646.3
1624.95
1639.15
1637.1
1599.15
1606
1585.9
1586.6
1546.4
1568.45
1578.1
1589.9
1606.1
1579.6
1592
1541.6
1578.05
1535.05
1542.75
1569.95
1562.3
1533.6
1539.25
1509.8
1538.7
1519.05
1516.85
1521.85
1555.2
1514.05
1531.65
1535.65
1513.15
1531.75
1502.1
1540.8
1503
1519.3
1527.6
1507.65
1513.85
1511.45
1508.9
1528
1543
1520.55
1487.85
1485.9
1534.75
1516.85
1520.05
1506.3
1515.65
1530.7
1534.15
1526.95
1495
1540.5
1534.1
1513.8
1523.7
1514.4
1533.75
1538.8
1524.55
1555.2
1556
1580.15
1523.2
1558.45
1538.4
1551.15
1537.5
1556.45
1509
1575.45
1549.05
1567.2
1552.85
1566.75
1577.4
1573.15
1600.05
1603.7
1571.35
1597.05
1614.4
1574.2
1585
1595.55
1585.9
1608.95
1636.45
1593.65
1636.55
1643.8
1629.6
1641.35
1617.5
1633.3
1605.7
1647.9
1662.05
1656.75
1638.1
1639.3
1633.15
1677.25
1630.05
1629.3
1681.7
1701.85
1658
1686.85
1694.25
1676.35
1691.3
1645.05
1631.3
1634.3
1645.9
1669.45
1646
1710.85
1653.7
1622.35
1654.75
1657.7
1643.5
1673.7
1666.3
1641.65
1663
1654.35
1635.5
1634
1650.4
1613.75
1637.85
1640.65
1597.95
1604.25
1589.35
1605.8
1609.65
1633.05
1617.1
1613.85
1586.95
1598.35
1575.8
1601
1577.85
1614.5
1596
1576.85
1565.75
1573.3
1575.55
1563.5
1529
1541.65
1557.15
1560.95
1569.9
1521.6
1517.45
1534.3
1489.4
1505.3
1506.4
1541.25
1492.15
1500.9
1487.75
1466.4
1463.1
1481.15
1474.6
1454.2
1453.85
1464.8
1480.15
1444.9
1459.8
1458.7
1439
1459.8
1444.45
1411.4
1422.3
1445.1
1406.85
1439.1
1419.9
1398.2
1435.65
1425.15
1422.8
1380.35
1400.55
1427.25
1404.05
1391.6
1411.8
1417
1409.25
1384
1398.85
1368.9
1381.5
1397.8
1361.4
1369.45
1393.55
1385.35
1425.7
1414.05
1385.1
1375.6
1373.25
1380.4
1394.4
1404.15
1382.3
1398.15
1383.7
1374.55
1402.3
1375.9
1394.9
1365.75
1394.75
1358.75
1367.2
1410.8
1396.5
1397.25
1392.2
1364.95
1392.1
1407.75
1394.35
1379.2
1374.8
1366.9
1394.05
1389.6
1366.5
1358.75
1382.5
1364
1385.7
1406.9
1422.2
1377.55
1397
1396.8
1375.1
1409.75
1393.4
1423.1
1392.15
1411.85
1390
1396
1437.35
1440.75
1410.9
1411.7
1423.95
1454.4
1414.25
1426.15
1413.65
1433.6
1449.3
1431.8
1425.9
1437.6
1410.05
1450.8
1428.85
1438.3
1421
1427.65
1411.15
1404.65
1426.5
1433.45
1456.95
1446.1
1420.25
1402.2
1435.85
1432.2
1425.15
1427
1453
1442.05
1470.1
1468.3
1454.7
1419.1
1441
1439.8
1420.8
1417.65
1442.15
1446.8
1444.55
1423.6
1430.75
1419.9
1457.1
1425.45
1426.5
1445
1403.7
1449.9
1432.15
1417.7
1387
1390.9
1378.35
1451.65
1416.55
1393.25
1405.5
1394.4
1379
1355.25
1395.6
1373.65
1385.7
1401.6
1347.45
1402.35
1384.9
1351.2
1370.25
1356.65
1366.3
1357.35
1344.7
1371.5
1358.45
1345.25
1338.9
1332.75
1334.6
1299.3
1343.95
1321.4
1342.05
1315.6
1313.15
1341.8
1324.15
1326.05
1336.1
1301.15
1307
1309.4
1281.6
1279.95
1292.6
1289.45
1280.2
1272.85
1296.4
1265.4
1280.5
1285.95
1295.9
1289.3
1290.25
1270.6
1283.45
1276.95
1245.9
1280.45
1265.45
1274.9
1261.85
1233.55
1267.45
1246.7
1256.7
1229.75
1234.5
1274.15
1245.1
1212.65
1214.75
1258.75
1253.25
1238.85
1258.15
1208.1
1231.35
1242.25
1245.6
1215.1
1257.85
1250.1
1235.5
1224.7
1251.55
1251.2
1224.5
1242.2
1265.3
1200.95
1227.65
1229.2
1236
1275.1
1235.65
1251.9
1234.15
1225
1208.05
1216.75
1228.15
1243.1
1260.35
1235.15
1256.5
1268.45
1230.6
1246.55
1227.45
1227.35
1249.2
1233.15
1268.7
1254.8
1261.95
1237.9
1242.5
1263.8
1270.5
1266.1
1250.55
1287.85
1241.7
1262.65
1285.45
1274.35
1253.2
1266.05
1273.25
1277.9
1270.05
1265.4
1252.05
1250.05
1250.15
1301.5
1279.75
1278.95
1285.75
1318.25
1269.25
1295.75
1294.05
1250.8
1237.9
1280.7
1302.95
1268.9
1253.05
1262.85
1289.75
1279.95
1283.5
1294.55
1267.25
1272.65
1293.05
1254.7
1245.4
1267.3
1237.3
1243.5
1243.25
1252.95
1264.35
1254.4
1237.55
1245.5
1260.4
1247
1258.65
1251.9
1208.15
1241.5
1243.25
1224.15
1212.9
1210.8
1197.75
1220.35
1195.9
1217.15
1237.1
1231.85
1251.4
1233.1
1237.15
1247.4
1197.05
1209.4
1220.75
1222.65
1231.25
1213.2
1224.8
1197.8
1177.4
1188.1
1155.05
1201.35
1218.05
1213.05
1208.6
1176.6
1197.45
1172.4
1185.4
1188.55
1181.5
1148.35
1179.8
1219.85
1151.3
1138.6
1142.4
1163.35
1147.05
1162.2
1156
1165.7
1155.05
1177.55
1178.3
1141.7
1150.2
1097.45
1131.8
1170.45
1154.2
1150.05
1143.2
1141.1
1165.35
1161.65
1149.4
1146
1159.45
1161.9
1127.65
1104.3
1100.1
1137.9
1116.55
1110.25
1093.35
1113.2
1083.5
1108.7
1098.05
1108.65
1078.45
1091.2
1083.65
1117.15
1094.1
1086.2
1082.15
1103.65
1069.75
1080.7
1078.5
1072
1084.15
1081.25
1112.55
1095.15
1081.95
1086.8
1090.95
1100.25
1103.85
1082.25
1085.6
1089.3
1101.6
1099.95
1119.4
1076.95
1075.3
1079.15
1072.4
1098.85
1086.1
1079.75
1082.35
1099.35
1111.45
1065.85
1087.7
1101.45
1092.95
1082.3
1127.7
1099.2
1082.3
1099.75
1075.5
1085.25
1082.7
1071.15
1072.65
1083.1
1080.25
1090.2
1095.75
1073.45
1075.4
1075.25
1093.65
1072.5
1089.25
1121.45
1063.45
1098.45
1090.9
1032.95
1085.2
1059.25
1079.05
1081.35
1083.25
1068.25
1051.7
1078.2
1056.1
1072.15
1059
1065.55
1056.05
1058.65
1074.2
1090.65
1067.85
1050.15
1058.4
1037.45
1039.2
1079.5
1058.7
1056.4
1054.55
1063.2
1025.7
1043.25
1047.35
1038.05
1078.6
1059.45
1047.05
1061.95
1067.8
1055.45
1055
1085.5
1060.95
1062.6
1042.5
1051.9
1039.45
1078.3
1045.45
1047.8
1051.65
1043.65
1029.25
1052
1046.35
1015.25
1030.6
1046.85
1035.65
1034.95
1019.45
1027.55
1029.05
1033.15
1026.25
1011.35
1014.75
1034.8
1018.55
1038.85
1021
1024.65
1014.35
1030.85
1002.25
1015.45
978.2
997.5
1012.85
1005.6
1002.9
1019
1029.75
1027.3
987.45
1001.25
1010.65
1019.15
978.3
982.05
1029.15
994.05
999.05
1005.4
980.15
1000.4
1007.6
978.9
996.35
995.85
1009.6
993.05
997
975.85
992.1
978.1
949.5
937.4
978.6
977.7
985.85
970.45
983.55
957
981.25
954.5
943.9
948.25
942.25
945.75
951.7
964.1
932.85
945.8
964.95
947.85
956
948.35
954.55
