21641.25
8657.85
6127.2
5190.1
4950
4403.6
4336.9
4215.15
4173.65
3991.25
4038.55
3770.6
3773.1
3616.25
3526.65
3447.45
3356.35
3238.7
3252.7
3166.8
3188.15
3128.85
3019
2933.1
3041.9
2954.5
2951.85
2943.95
2911.15
2929.95
2891.85
2817.85
2890.6
2790.45
2860.2
2761.8
2820.85
2767.45
2780.15
2756.4
2681.9
2630.1
2706.95
2595.15
2615.9
2569.4
2584.55
2568.25
2600.55
2544.25
2552.35
2546.9
2527.45
2497.9
2548.7
2524.7
2471.95
2437.15
2490.5
2436.8
2430
2408.35
2438.9
2455.3
2464.05
2429.15
2439.85
2456.25
2407.2
2401.55
2408.35
2368.5
2339.25
2324
2378.65
2349.8
2371.5
2355.15
2326.65
2305.8
2199.4
2229.35
2205.8
2176.15
2166.7
2210.45
2188.95
2175.85
2233.6
2206.65
2182.85
2195
2222.2
2239.2
2159.95
2191.2
2158.15
2180.45
2179.2
2094.85
2144.45
2172.55
2146.95
2129.2
2081.15
2067.55
2098.85
2059.55
2089.3
2138.8
2074
2054.15
2067.1
2037.15
2030.3
2036.7
2020.3
1989.25
1982.95
2024.5
2003.3
2032.3
2045.1
2017.7
1977
2003.5
1979.6
1967.95
1965.55
1966.9
1979.75
1980.1
1998.5
1958.05
1870.95
1954.95
1940.75
1880.95
1919.85
1867.2
1895.75
1887.35
1901.45
1893.95
1877.3
1906.4
1886.05
1951.75
1956.2
1934.2
1967.8
2013.85
2030.5
2066
2067.1
2135.5
2117.35
2145.35
2162.5
2254.9
2243.45
2273.05
2308.15
2329.4
2333.55
2314.8
2294.5
2307.35
2330.6
2280.45
2313
2320.2
2280.7
2280.9
2218.05
2189.8
2215.45
2164.2
2175.6
2195.5
2207.1
2211.4
2166.1
2169.2
2210.6
2120.55
2171.75
2137.95
2122.7
2132.6
2088.2
2121.05
2121.85
2110.75
2087.4
2096.55
2091.25
2038.4
2063.7
2011.25
2020.7
2038.7
2036.75
2053.85
2036.05
2028.15
1996.6
2002.45
1995.05
1965.3
1998.4
2011.1
1974.7
1909.1
1911.1
1935.9
1935.65
1932.7
1934.75
1939.7
1955
1911.75
1873.1
1930.15
1901.85
1884.45
1889.55
1972.2
1968.2
1926.35
1888.4
1897.65
1898.45
1941.7
1916.8
1901.5
1883.5
1916.15
1956.6
1873.8
1882.85
1856.7
1847.55
1831.05
1856.9
1852.5
1885.7
1833
1792
1847.45
1856.15
1842.3
1870.75
1846.3
1833.45
1801.4
1806.45
1887.9
1841.7
1825.5
1845.3
1826.3
1788.2
1803.1
1814.95
1853.55
1795.45
1789.5
1797.85
1790.7
1819.1
1814.4
1820.65
1780.45
1767.75
1754.15
1812.25
1794.85
1794.65
1786
1860.4
1817.85
1804.95
1813.2
1823.85
1784.3
1783.05
1759.95
1788.35
1742.65
1765.7
1755.15
1758.3
1773.1
1749.65
1777.35
1754.1
1774.4
1762.2
1767.9
1773.35
1736.35
1734.3
1808.8
1789.45
1741.9
1773.4
1743.2
1738.1
1765.7
1806.85
1798.1
1757.85
1769.2
1789
1760.9
1770.15
1751.65
1728.2
1739.15
1782.5
1755.95
1749.15
1769.3
1749.1
1760.3
1757.5
1739.3
1771.25
1756.6
1783.75
1746.15
1752.65
1829
1782.95
1803.2
1823.75
1798.05
1822.8
1799.1
1799
1771.2
1811.3
1784.55
1770.55
1772.2
1755.5
1792.25
1778.9
1766.9
1796.8
1788.7
1800.2
1797.3
1807.2
1809.05
1828.7
1829.3
1805.1
1826.4
1784.1
1808.3
1811
1818.25
1770.3
1815.35
1817.4
1800.65
1815.9
1816.05
1843.2
1783.05
1756.8
1763.6
1739.05
1791.95
1764.3
1776.85
1778.7
1757.55
1768.5
1742.65
1760.45
1752.85
1768.7
1750.65
1714
1729.55
1732.3
1741
1786.8
1727.5
1753.2
1703.4
1742.85
1741.9
1736.55
1700.45
1712.65
1717.45
1722.6
1738.15
1706.1
1726.75
1734.3
1687.9
1684.6
1671.35
1706.35
1667.05
1711.35
1674.4
1644.2
1642.7
1674.8
1710.85
1650.65
1673.2
1704.35
1603.75
1670
1647.55
1644.4
1642.2
1688.3
1683.05
1672.05
1616.75
1663.85
1667.3
1634.65
1641.05
1614.75
1614.35
1617.55
1635.1
1652.45
1621.6
1641.7
1606.05
1642.1
1608.5
1614.8
1598.45
1618.35
1604.55
1612.4
1589.35
1614.75
1583.7
1591.15
1597.75
1586.55
1616.65
1562.15
1597.6
1592.1
1598.6
1605.25
1607.55
1585.95
1595.85
1597
1601.6
1596.35
1587.25
1547.6
1617.35
1582.5
1577.95
1590.8
1607.35
1581.1
1587.3
1553.6
1573.6
1587.7
1562.45
1526.4
1577.25
1567.35
1589.05
1546.45
1597.5
1550.5
1550
1540.25
1527.45
1548.85
1534.2
1538.05
1562.4
1591.85
1570.4
1562.5
1592.85
1566.7
1571.3
1592.15
1577.5
1566.95
1554.3
1549.35
1525.8
1566.6
1606.9
1567.2
1550.3
1545.75
1545.85
1539.35
1514.55
1553.2
1562.45
1556.35
1556.9
1533.6
1548
1570.8
1532.85
1545.3
1562.8
1545.35
1539.75
1558.1
1571.35
1560.7
1544.85
1551.05
1551.9
1532
1576.25
1539.6
1584.25
1538.65
1537.5
1546.4
1564.6
1532.8
1551.2
1555.05
1544.15
1571.55
1544
1539.8
1540.45
1545.85
1523.6
1541.55
1545.2
1510.2
1522.9
1502.1
1516.3
1521.95
1511.75
1510.55
1499.8
1500.45
1493.55
1525.9
1526.5
1526.3
1530.5
1513.95
1552.9
1529.95
1516.9
1493.85
1508.3
1508.1
1491.7
1519.65
1499.4
1494.15
1484.4
1501.25
1492.1
1517.6
1523.4
1499.25
1493.75
1477.55
1466.75
1507.65
1455.05
1489.7
1487.6
1487.05
1513.75
1500.75
1486
1446.55
1510.65
1467.2
1447.75
1478.65
1467.95
1468.1
1439.85
1439.15
1440
1447.4
1482.5
1483.65
1460.5
1422.35
1424.7
1452.45
1473
1417.25
1439.8
1457
1435.55
1452.45
1448.3
1449.65
1419.7
1444.6
1469.85
1480.8
1426.65
1439.55
1435.15
1422.75
1426.1
1448
1425.35
1408.25
1433.25
1444.65
1427
1430.65
1452.65
1446.8
1452.8
1428.95
1398.25
1420.3
1422.9
1401.35
1425.3
1398.15
1411.95
1403.45
1412.95
1430.15
1423.2
1381.65
1419.25
1409.85
1372.05
1401.9
1406.3
1386.1
1417.8
1404.45
1371.2
1383.6
1425.85
1404.65
1400.05
1380.4
1381.25
1396.45
1355.75
1374.65
1398.2
1403.3
1378.35
1384.9
1386.5
1368.45
1371.85
1412.15
1369.3
1398.4
1404.2
1378.9
1378.65
1350
1348.75
1386.8
1404.7
1348.15
1406.9
1391.25
1373.6
1358.15
1384.05
1401.15
1359.6
1349.65
1367.95
1369.8
1362.75
1387.7
1399.5
1361.5
1342.7
1352.4
1348.05
1346.15
1352.3
1352.35
1364.65
1375.75
1340.5
1348.1
1365.7
1355
1342.75
1357.6
1343.8
1340.95
1389.05
1370.45
1359.65
1349.4
1375.3
1337.5
1320.55
1351.4
1346.05
1366.7
1336.7
1354.4
1331
1354.1
1334.8
1331.15
1317.4
1338.65
1347.35
1343.35
1342.45
1320.2
1378.1
1362.7
1345.25
1362.5
1360
1348.15
1336.45
1360.95
1355.25
1340.5
1293.45
1314.75
1343
1308.6
1309.95
1297.8
1326.3
1330.4
1330.45
1321.4
1324.4
1305.4
1298.2
1323.75
1323.7
1292.15
1315.1
1308.05
1322.8
1248.1
1322.35
1305.95
1310.7
1290.75
1280.05
1302.45
1291.75
1292.5
1292.7
1305.1
1276.8
1292.9
1270.4
1293.65
1274
1317.75
1259.2
1307.55
1265.9
1278.6
1255
1313.75
1299.65
1322.2
1275.3
1279.6
1282.65
1258.7
1272
1308.35
1262.2
1277.35
1254.2
1273.45
1301.4
1250.8
1255.95
1251
1261.2
1266.2
1276.8
1293.7
1271.7
1261.9
1276.45
1241.85
1245
1240.05
1239.25
1232.3
1241.25
1237.15
1266.95
1249.3
1256.45
1234.9
1242.05
1263.75
1254.1
1238.25
1253.05
1264.7
1233.5
1237.45
1239.8
1234.95
1203.7
1255.55
1228.8
1256.1
1221
1202.8
1218.95
1210.55
1227.6
1219.25
1207.15
1204.65
1217.35
1199.85
1227.65
1226.15
1221.95
1231.7
1196.25
1177.15
1218.85
1207.5
1224.65
1221.25
1225.8
1191.85
1195.05
1191.4
1208.5
1170.15
1190.9
1178.3
1191.2
1185
1167.75
1184.95
1170.55
1172.7
1193.85
1200.05
1190.8
1183.45
1206.1
1185.25
1181.7
1174
1200.45
1184.2
1186.8
1194.75
1152.9
1169.9
1180.45
1158.6
1176.9
1168.8
1192.35
1149.35
1155.6
1187.3
1173.3
1170.2
1174.3
1157.2
1158
1165
1159.15
1129.55
1164.3
1159
1168.6
1162.9
1164.15
1161.05
1179.65
1133.3
1134.4
1141.9
1166
1163.6
1150.95
1179.15
1149.1
1171.15
1146.45
1161.1
1146.85
1133.4
1145.7
1141.1
1161.6
1179.4
1141.55
1130.65
1104.65
1142.85
1110.05
1164.4
1137.9
1131
1152.35
1140.6
1140.4
1127.9
1134.3
1131.05
1158.75
1143.8
1115.7
1119.8
1140.9
1118.05
1115.7
1122.4
1121.75
1118.45
1146.15
1127.9
1139.7
1129.75
1129.85
1118.65
1110.15
1133.15
1081.35
1106.65
1106
1101.1
1106.15
1125.85
1122.2
1083.05
1082.6
1105.4
1090.4
1098.25
1089.9
1101.75
1120.6
1065.5
1064.5
1109.35
1086.05
1066.45
1074.8
1084.45
1101.15
1066.45
1112.6
1069.35
1083.1
1065.25
1098.5
1075.65
1088.45
1085.65
1076.45
1066.45
1029.3
1080.1
1093.3
1058.65
1066.05
1097.85
1086.1
1061.75
1057.4
1077.5
